141 0.3

0.8021653543307092 1.1712598425196852 0
1.0728346456692908 1.1712598425196852 0
1.097440944881889 1.1712598425196852 0
1.2204724409448815 1.1466535433070888 0
1.3681102362204722 1.1220472440944889 0
1.4665354330708666 1.1220472440944889 0
1.515748031496063 1.1220472440944889 0
1.5649606299212593 1.1220472440944889 0
1.6633858267716537 1.097440944881889 0
1.9340551181102352 1.072834645669289 0
2.057086614173228 1.072834645669289 0
2.253937007874015 1.072834645669289 0
2.303149606299213 1.072834645669289 0
2.5738188976377945 1.072834645669289 0
2.7706692913385833 1.097440944881889 0
2.942913385826772 1.1466535433070888 0
3.065944881889763 1.2204724409448815 0
3.3366141732283463 1.3188976377952741 0
3.484251968503937 1.3927165354330704 0
3.5826771653543297 1.4173228346456703 0
3.7057086614173222 1.5403543307086593 0
3.8041338582677167 1.7125984251968518 0
3.828740157480315 1.8110236220472444 0
3.9025590551181093 1.8848425196850371 0
3.9763779527559056 1.9832677165354333 0
4.025590551181102 2.106299212598426 0
4.0501968503937 2.229330708661415 0
4.074803149606298 2.4015748031496074 0
4.074803149606298 2.5246062992126 0
4.025590551181102 2.672244094488189 0
4.000984251968504 2.770669291338585 0
3.9763779527559056 2.918307086614174 0
3.9517716535433074 3.041338582677163 0
3.9271653543307092 3.1643700787401556 0
3.9271653543307092 3.262795275590552 0
3.9271653543307092 3.3612204724409445 0
3.9271653543307092 3.410433070866141 0
3.9025590551181093 3.5088582677165334 0
3.853346456692913 3.6072834645669296 0
3.681102362204724 3.7795275590551185 0
3.5826771653543297 3.902559055118111 0
3.4350393700787407 3.9763779527559038 0
3.3366141732283463 4.000984251968504 0
3.1397637795275593 3.9763779527559038 0
3.041338582677165 3.902559055118111 0
2.9675196850393704 3.7057086614173222 0
2.8198818897637796 3.5088582677165334 0
2.7706692913385833 3.385826771653541 0
2.721456692913385 3.312007874015748 0
2.672244094488189 3.312007874015748 0
2.5 3.2381889763779554 0
2.4261811023622037 3.1643700787401556 0
2.4261811023622037 3.1643700787401556 0
2.4261811023622037 3.4350393700787407 0
2.4015748031496056 3.5334645669291334 0
2.3523622047244093 3.656496062992126 0
2.2293307086614167 3.7795275590551185 0
2.0078740157480315 3.927165354330711 0
1.8110236220472444 3.877952755905511 0
1.5895669291338574 3.877952755905511 0
1.4419291338582667 3.853346456692911 0
1.3681102362204722 3.7795275590551185 0
1.2450787401574797 3.681102362204726 0
1.2204724409448815 3.5826771653543332 0
1.2204724409448815 3.2135826771653555 0
1.2204724409448815 3.0167322834645667 0
1.2696850393700778 2.746062992125985 0
1.343503937007874 2.5 0
1.3681102362204722 2.229330708661415 0
1.4911417322834648 2.0324803149606296 0
1.6141732283464574 1.8110236220472444 0
1.7618110236220463 1.5649606299212593 0
2.0078740157480315 1.3188976377952741 0
2.155511811023622 1.1958661417322816 0
2.3523622047244093 1.072834645669289 0
2.6476377952755907 0.9990157480314963 0
2.893700787401574 0.9498031496063 0
3.0167322834645667 0.9498031496063 0
3.115157480314961 0.9005905511811036 0
3.238188976377952 0.9005905511811036 0
3.410433070866141 0.8759842519685037 0
3.5334645669291334 0.8513779527559038 0
3.6318897637795278 0.8759842519685037 0
3.8041338582677167 0.9251968503937036 0
3.853346456692913 0.9498031496063 0
3.877952755905511 0.9498031496063 0
3.9271653543307092 0.9498031496063 0
4.025590551181102 0.9498031496063 0
4.099409448818898 0.9498031496063 0
4.124015748031496 0.9498031496063 0
4.124015748031496 0.9744094488188964 0
4.099409448818898 1.2696850393700814 0
4.099409448818898 1.4665354330708666 0
4.173228346456693 1.6879921259842519 0
4.197834645669291 1.8356299212598444 0
4.222440944881889 2.0324803149606296 0
4.247047244094489 2.180118110236222 0
4.247047244094489 2.3523622047244075 0
4.222440944881889 2.5246062992126 0
4.124015748031496 2.672244094488189 0
4.124015748031496 2.746062992125985 0
4.124015748031496 2.844488188976378 0
4.124015748031496 2.9921259842519703 0
4.124015748031496 3.1643700787401556 0
4.1486220472440944 3.3612204724409445 0
4.1486220472440944 3.4596456692913407 0
4.124015748031496 3.5334645669291334 0
4.124015748031496 3.5580708661417333 0
4.099409448818898 3.6072834645669296 0
4.099409448818898 3.656496062992126 0
4.099409448818898 3.681102362204726 0
4.099409448818898 3.730314960629922 0
4.099409448818898 3.7549212598425186 0
4.099409448818898 3.8041338582677184 0
4.099409448818898 3.877952755905511 0
4.1486220472440944 3.9763779527559038 0
4.1486220472440944 3.9763779527559038 0
4.099409448818898 4.000984251968504 0
3.7795275590551185 4.000984251968504 0
3.459645669291339 4.000984251968504 0
3.090551181102361 4.000984251968504 0
2.7952755905511815 4.000984251968504 0
2.5984251968503926 3.9763779527559038 0
2.4261811023622037 3.9763779527559038 0
2.303149606299213 3.9763779527559038 0
1.9586614173228352 4.000984251968504 0
1.7618110236220463 3.9763779527559038 0
1.6387795275590555 3.9763779527559038 0
1.343503937007874 3.9763779527559038 0
1.0728346456692908 3.9517716535433074 0
0.9744094488188981 3.927165354330711 0
0.9498031496062982 3.927165354330711 0
0.9990157480314963 3.5580708661417333 0
1.097440944881889 3.2135826771653555 0
1.0236220472440944 2.5246062992126 0
0.9744094488188981 2.0078740157480297 0
0.9498031496062982 1.7125984251968518 0
0.9498031496062982 1.5895669291338592 0
0.9251968503937 1.4173228346456703 0
0.8267716535433074 1.2696850393700814 0
0.8267716535433074 1.2204724409448815 0
