79 0.3

2.5492125984251963 0.9005905511811036 0
3.115157480314961 0.9498031496063 0
3.410433070866141 1.2696850393700814 0
3.6318897637795278 1.515748031496063 0
3.8041338582677167 1.8110236220472444 0
3.9517716535433074 2.0570866141732296 0
3.9763779527559056 2.253937007874015 0
4.025590551181102 2.5738188976377963 0
4.074803149606298 2.918307086614174 0
4.074803149606298 3.312007874015748 0
3.9763779527559056 3.681102362204726 0
3.828740157480315 3.8041338582677184 0
3.5580708661417315 4.000984251968504 0
3.1643700787401574 4.099409448818896 0
2.942913385826772 4.099409448818896 0
2.721456692913385 3.9763779527559038 0
2.5738188976377945 3.7057086614173222 0
2.5492125984251963 3.5088582677165334 0
2.5 3.1643700787401556 0
2.5 3.1643700787401556 0
2.327755905511811 3.6072834645669296 0
2.1801181102362204 3.927165354330711 0
1.9832677165354333 4.124015748031496 0
1.6879921259842519 4.148622047244096 0
1.4173228346456686 4.148622047244096 0
1.2942913385826778 4.000984251968504 0
1.1220472440944889 3.5334645669291334 0
0.9744094488188981 3.090551181102363 0
0.8759842519685037 2.672244094488189 0
0.8513779527559056 2.106299212598426 0
0.8513779527559056 1.7372047244094482 0
1.0482283464566926 1.3927165354330704 0
1.2696850393700778 1.1958661417322816 0
1.4911417322834648 1.072834645669289 0
1.71259842519685 0.9744094488188964 0
2.0078740157480315 0.9005905511811036 0
2.1801181102362204 0.8267716535433074 0
2.4507874015748037 0.6299212598425186 0
2.5492125984251963 0.5314960629921259 0
2.8198818897637796 0.4576771653543332 0
3.1643700787401574 0.4330708661417333 0
3.508858267716535 0.4330708661417333 0
3.656496062992126 0.4330708661417333 0
3.9271653543307092 0.506889763779526 0
4.099409448818898 0.6791338582677184 0
4.1486220472440944 0.8267716535433074 0
4.197834645669291 1.1958661417322816 0
4.296259842519685 1.6387795275590555 0
4.443897637795276 2.1309055118110223 0
4.5423228346456686 2.4753937007874 0
4.566929133858267 2.721456692913385 0
4.566929133858267 2.9675196850393704 0
4.566929133858267 3.262795275590552 0
4.566929133858267 3.484251968503937 0
4.419291338582678 3.730314960629922 0
4.1486220472440944 4.025590551181104 0
3.9271653543307092 4.173228346456693 0
3.410433070866141 4.296259842519685 0
3.065944881889763 4.296259842519685 0
2.7460629921259834 4.296259842519685 0
2.524606299212598 4.296259842519685 0
2.253937007874015 4.296259842519685 0
1.884842519685039 4.296259842519685 0
1.4419291338582667 4.296259842519685 0
1.2696850393700778 4.148622047244096 0
1.0236220472440944 3.8041338582677184 0
0.7529527559055111 3.484251968503937 0
0.6053149606299204 3.1397637795275593 0
0.5314960629921259 2.8690944881889777 0
0.5314960629921259 2.4261811023622073 0
0.5314960629921259 2.0078740157480297 0
0.6791338582677167 1.3188976377952741 0
0.9498031496062982 0.9744094488188964 0
1.318897637795276 0.8759842519685037 0
1.5403543307086611 0.8759842519685037 0
1.7864173228346463 0.8267716535433074 0
1.9340551181102352 0.7283464566929112 0
2.0324803149606296 0.6791338582677184 0
2.303149606299213 0.5314960629921259 0
