68 0.3

0.9251968503937 1.1466535433070888 0
1.0236220472440944 1.1220472440944889 0
1.2204724409448815 1.072834645669289 0
1.343503937007874 1.072834645669289 0
1.5649606299212593 1.072834645669289 0
1.7864173228346463 1.0482283464566926 0
1.8356299212598426 1.0482283464566926 0
2.327755905511811 0.9744094488188964 0
2.5738188976377945 0.9744094488188964 0
2.7706692913385833 0.9251968503937036 0
2.9675196850393704 0.9251968503937036 0
3.090551181102361 0.9251968503937036 0
3.3858267716535426 0.9251968503937036 0
3.6318897637795278 0.9251968503937036 0
3.7795275590551185 0.9251968503937036 0
3.7795275590551185 0.9251968503937036 0
3.8041338582677167 0.9498031496063 0
3.8041338582677167 1.0482283464566926 0
3.7549212598425203 1.3188976377952741 0
3.7795275590551185 1.5403543307086593 0
3.8041338582677167 1.7372047244094482 0
3.8041338582677167 1.8848425196850371 0
3.9025590551181093 2.1309055118110223 0
3.9271653543307092 2.2047244094488185 0
3.9517716535433074 2.327755905511811 0
3.9517716535433074 2.4507874015748037 0
4.000984251968504 2.8690944881889777 0
4.000984251968504 2.918307086614174 0
4.000984251968504 3.1889763779527556 0
4.025590551181102 4.050196850393704 0
4.000984251968504 4.050196850393704 0
3.656496062992126 4.0748031496063 0
3.3858267716535426 4.099409448818896 0
3.1397637795275593 4.099409448818896 0
2.869094488188976 4.124015748031496 0
2.721456692913385 4.124015748031496 0
2.524606299212598 4.124015748031496 0
2.3769685039370074 4.0748031496063 0
2.1801181102362204 4.0748031496063 0
2.057086614173228 4.0748031496063 0
1.8110236220472444 4.0748031496063 0
1.5895669291338574 4.050196850393704 0
1.2204724409448815 4.0748031496063 0
1.1958661417322833 4.0748031496063 0
1.0482283464566926 4.0748031496063 0
0.9990157480314963 4.0748031496063 0
0.7775590551181093 4.0748031496063 0
0.8267716535433074 4.0748031496063 0
0.9251968503937 4.050196850393704 0
0.9005905511811019 3.902559055118111 0
0.9005905511811019 3.902559055118111 0
0.9005905511811019 3.877952755905511 0
0.9005905511811019 3.877952755905511 0
0.9005905511811019 3.7549212598425186 0
0.8759842519685037 3.681102362204726 0
0.8759842519685037 3.656496062992126 0
0.8513779527559056 3.5826771653543332 0
0.8267716535433074 3.4350393700787407 0
0.8267716535433074 3.1397637795275593 0
0.8513779527559056 2.819881889763778 0
0.8513779527559056 2.5738188976377963 0
0.8267716535433074 2.3523622047244075 0
0.8021653543307092 2.0570866141732296 0
0.8021653543307092 1.8356299212598444 0
0.8021653543307092 1.663385826771652 0
0.8267716535433074 1.4911417322834666 0
0.9498031496062982 1.2450787401574814 0
1.0482283464566926 1.097440944881889 0
