78 0.3

1.0482283464566926 1.3188976377952741 0
1.097440944881889 1.368110236220474 0
1.146653543307087 1.3927165354330704 0
1.2204724409448815 1.4419291338582667 0
1.2450787401574797 1.4665354330708666 0
1.3927165354330704 1.4911417322834666 0
1.5403543307086611 1.5649606299212593 0
1.6387795275590555 1.6141732283464592 0
1.8110236220472444 1.6879921259842519 0
1.909448818897637 1.7618110236220481 0
2.253937007874015 1.8356299212598444 0
2.327755905511811 1.8848425196850371 0
2.4261811023622037 1.958661417322837 0
2.6230314960629926 2.0570866141732296 0
2.6476377952755907 2.0816929133858295 0
2.8198818897637796 2.180118110236222 0
2.9183070866141723 2.3031496062992147 0
3.0167322834645667 2.3769685039370074 0
3.115157480314961 2.4753937007874 0
3.2135826771653537 2.5492125984251963 0
3.3612204724409445 2.6968503937007853 0
3.508858267716535 2.770669291338585 0
3.6072834645669296 2.844488188976378 0
3.7303149606299204 2.918307086614174 0
3.8041338582677167 2.9921259842519703 0
3.9271653543307092 3.090551181102363 0
3.9271653543307092 3.090551181102363 0
4.025590551181102 3.1397637795275593 0
4.025590551181102 3.065944881889763 0
4.000984251968504 2.844488188976378 0
3.9025590551181093 2.770669291338585 0
3.8041338582677167 2.5492125984251963 0
3.7795275590551185 2.4015748031496074 0
3.7795275590551185 2.180118110236222 0
3.8041338582677167 2.0078740157480297 0
3.9271653543307092 1.6879921259842519 0
3.9517716535433074 1.5403543307086593 0
3.9517716535433074 1.5403543307086593 0
3.877952755905511 1.663385826771652 0
3.7549212598425203 1.8356299212598444 0
3.7057086614173222 1.8602362204724407 0
3.6072834645669296 1.909448818897637 0
3.459645669291339 1.958661417322837 0
3.238188976377952 2.0324803149606296 0
3.090551181102361 2.0816929133858295 0
3.0167322834645667 2.180118110236222 0
2.942913385826772 2.2047244094488185 0
2.7706692913385833 2.253937007874015 0
2.672244094488189 2.327755905511811 0
2.5738188976377945 2.3769685039370074 0
2.4507874015748037 2.4261811023622073 0
2.155511811023622 2.4507874015748037 0
1.9832677165354333 2.4507874015748037 0
1.884842519685039 2.4753937007874 0
1.7618110236220463 2.5492125984251963 0
1.6633858267716537 2.5738188976377963 0
1.5895669291338574 2.6230314960629926 0
1.3927165354330704 2.6476377952755925 0
1.2204724409448815 2.672244094488189 0
1.097440944881889 2.721456692913385 0
1.0728346456692908 2.721456692913385 0
1.0728346456692908 2.721456692913385 0
1.0728346456692908 2.5492125984251963 0
1.097440944881889 2.4261811023622073 0
1.097440944881889 2.229330708661415 0
1.1220472440944889 2.0570866141732296 0
1.1220472440944889 1.934055118110237 0
1.1220472440944889 1.8848425196850371 0
0.9744094488188981 1.7864173228346445 0
0.7775590551181093 1.7125984251968518 0
0.7529527559055111 1.6879921259842519 0
0.7529527559055111 1.663385826771652 0
0.7529527559055111 1.5649606299212593 0
0.8759842519685037 1.515748031496063 0
0.9744094488188981 1.515748031496063 0
0.9990157480314963 1.4911417322834666 0
1.0482283464566926 1.343503937007874 0
1.0482283464566926 1.343503937007874 0
